2 0.6672254758418741 0.5145440729483283 0.09412152269399703 0.10855623100303943
2 0.31792825768667643 0.84129179331307 0.14431918008784772 0.25401215805471133
2 0.5307467057101025 0.825015197568389 0.1014421669106881 0.2257902735562309
2 0.39322108345534407 0.45917933130699085 0.13177159590043924 0.16717325227963525
2 0.21805270863836018 0.3072036474164134 0.09307467057101024 0.13243161094224923
2 0.06327232796486092 0.14329787234042554 0.07425329428989752 0.07816109422492402
2 0.16732796486090776 0.16282674772036473 0.11085651537335284 0.08250759878419452
2 0.753506588579795 0.27463525835866265 0.10771595900439229 0.10638297872340426
2 0.7712811127379209 0.3831914893617021 0.08889458272327962 0.09335866261398174
2 0.9077598828696926 0.42661094224924007 0.10876281112737933 0.13677811550151975
2 0.6933674963396778 0.18779635258358662 0.1464128843338213 0.08466565349544072
2 0.9140336749633967 0.5818541033434651 0.14223279648609075 0.1693465045592706
2 0.817298682284041 0.09770516717325228 0.05333821376281122 0.06946808510638298
2 0.06483894582723279 0.061869300911854115 0.0690263543191801 0.07598784194528876
2 0.08366764275256224 0.8336930091185412 0.06274524158125916 0.08250759878419447
2 0.24367496339677894 0.5308358662613982 0.0836676427525622 0.05861702127659582
2 0.29021229868228404 0.633951367781155 0.05124450951683748 0.10855623100303961