2 0.16077512776831346 0.8829697986577181 0.10221465076660988 0.15100671140939598
2 0.39022998296422484 0.8032718120805369 0.05217206132879046 0.11325503355704698
2 0.3263458262350937 0.7088926174496645 0.07133730834752981 0.10067114093959731
2 0.45943781942078366 0.625 0.06707836456558773 0.07130872483221476
2 0.4312180579216354 0.46246644295302014 0.1469335604770017 0.10276845637583892
2 0.66706132879046 0.5904026845637583 0.14373935264054513 0.16568791946308725
2 0.6340545144804088 0.8368288590604027 0.22465928449744463 0.2726510067114094
2 0.28641396933560476 0.5914429530201343 0.10434412265758092 0.10486577181208054
2 0.15385860306643953 0.582013422818792 0.058560477001703574 0.09437919463087248
2 0.1799403747870528 0.4352013422818792 0.10647359454855196 0.11535234899328858
2 0.18739352640545145 0.2915268456375839 0.04258943781942078 0.05453020134228188
2 0.24914821124361158 0.40058724832214765 0.04471890971039182 0.05453020134228188
2 0.5808177172061328 0.5138422818791947 0.05643100511073254 0.0587248322147651