2 0.19197860962566846 0.7638888888888888 0.033155080213903745 0.07098765432098765
2 0.28609625668449196 0.6188271604938271 0.0481283422459893 0.07716049382716049
2 0.2903743315508021 0.32098765432098764 0.06951871657754011 0.10493827160493827
2 0.040641711229946524 0.9151234567901234 0.047058823529411764 0.1697530864197531
2 0.12085561497326203 0.7561728395061729 0.0962566844919786 0.08641975308641975
2 0.19679144385026737 0.9104938271604939 0.040641711229946524 0.09259259259259259
2 0.1443850267379679 0.4675925925925926 0.03208556149732621 0.05246913580246913
2 0.21497326203208555 0.566358024691358 0.038502673796791446 0.12654320987654322
2 0.4823529411764706 0.5972222222222222 0.05561497326203209 0.1388888888888889
2 0.6491978609625668 0.5864197530864198 0.038502673796791446 0.07407407407407407
2 0.6508021390374331 0.48919753086419754 0.031016042780748664 0.033950617283950615
2 0.7074866310160428 0.5339506172839507 0.020320855614973262 0.08024691358024691
2 0.06310160427807486 0.35802469135802467 0.027807486631016044 0.1419753086419753